                  Temp     Hi    Low   Out    Dew  Wind  Wind   Wind    Hi    Hi   Wind   Heat    THW                Rain    Heat    Cool    In     In    In     In     In   In Air  Wind  Wind    ISS   Arc.
  Date    Time     Out   Temp   Temp   Hum    Pt. Speed   Dir    Run Speed   Dir  Chill  Index  Index   Bar    Rain  Rate    D-D     D-D    Temp   Hum    Dew   Heat    EMC Density  Samp   Tx   Recept  Int.
---------------------------------------------------------------------------------------------------------------------------------------------------------------------------------------------------------------
19.01.25   0:01   -8.6   -8.6   -8.7    91   -9.8   0.4   NNE   0.03   0.4   NNE   -8.6   -8.7   -8.7  1032.2  0.00   0.0   0.019   0.000   22.6    38    7.6   21.7   7.44 1.2041     21    4    100.0    1 
19.01.25   0:02   -8.6   -8.6   -8.7    91   -9.8   0.4   NNE   0.03   0.4   NNE   -8.6   -8.7   -8.7  1032.1  0.00   0.0   0.019   0.000   22.6    38    7.6   21.7   7.44 1.2041     20    4     95.2    1 
19.01.25   0:03   -8.7   -8.6   -8.7    91   -9.9   0.4   NNE   0.03   0.9   NNE   -8.7   -8.7   -8.7  1032.1  0.00   0.0   0.019   0.000   22.6    38    7.6   21.7   7.44 1.2040     21    4    100.0    1 
19.01.25   0:04   -8.7   -8.7   -8.7    90  -10.0   0.4   NNE   0.03   0.9   NNE   -8.7   -8.7   -8.7  1032.1  0.00   0.0   0.019   0.000   22.6    38    7.6   21.7   7.44 1.2040     21    4    100.0    1 
19.01.25   0:05   -8.7   -8.7   -8.7    90  -10.0   0.9   NNE   0.05   0.9   NNE  -10.1   -8.7  -10.2  1032.1  0.00   0.0   0.019   0.000   22.6    38    7.6   21.7   7.44 1.2040     21    4    100.0    1 
19.01.25   0:06   -8.7   -8.7   -8.7    90  -10.1   0.0   NNE   0.00   0.4   NNE   -8.7   -8.8   -8.8  1032.1  0.00   0.0   0.019   0.000   22.6    38    7.6   21.7   7.44 1.2040     22    4    100.0    1 
19.01.25   0:07   -8.7   -8.7   -8.7    90  -10.1   0.4   NNE   0.03   0.9   NNE   -8.7   -8.8   -8.8  1032.0  0.00   0.0   0.019   0.000   22.6    38    7.6   21.7   7.44 1.2040     21    4    100.0    1 
19.01.25   0:08   -8.7   -8.7   -8.7    90  -10.1   0.4   NNE   0.03   0.4   NNE   -8.7   -8.8   -8.8  1032.0  0.00   0.0   0.019   0.000   22.6    38    7.6   21.7   7.44 1.2040     21    4    100.0    1 
19.01.25   0:09   -8.7   -8.7   -8.7    89  -10.2   0.9   NNE   0.05   0.9   NNE  -10.2   -8.8  -10.2  1032.0  0.00   0.0   0.019   0.000   22.6    38    7.6   21.7   7.44 1.2039     21    4    100.0    1 
19.01.25   0:10   -8.8   -8.8   -8.8    90  -10.1   0.4   NNE   0.03   0.9   NNE   -8.8   -8.8   -8.8  1031.9  0.00   0.0   0.019   0.000   22.6    38    7.6   21.7   7.44 1.2038     22    4    100.0    1 
19.01.25   0:11   -8.8   -8.8   -8.8    89  -10.3   0.4   NNE   0.03   0.9   NNE   -8.8   -8.8   -8.8  1031.9  0.00   0.0   0.019   0.000   22.6    38    7.6   21.7   7.44 1.2038     22    4    100.0    1 
19.01.25   0:12   -8.8   -8.8   -8.8    90  -10.2   0.4   NNE   0.03   0.9   NNE   -8.8   -8.9   -8.9  1031.8  0.00   0.0   0.019   0.000   22.6    38    7.6   21.7   7.44 1.2037     22    4    100.0    1 
19.01.25   0:13   -8.8   -8.8   -8.8    90  -10.2   0.0   NNE   0.00   0.4   NNE   -8.8   -8.9   -8.9  1031.8  0.00   0.0   0.019   0.000   22.6    38    7.6   21.7   7.44 1.2037     19    4     90.5    1 
19.01.25   0:14   -8.8   -8.8   -8.8    90  -10.2   0.4   NNE   0.03   0.4   NNE   -8.8   -8.9   -8.9  1031.9  0.00   0.0   0.019   0.000   22.6    38    7.6   21.7   7.44 1.2038     22    4    100.0    1 
19.01.25   0:15   -8.8   -8.8   -8.8    90  -10.2   0.4   NNE   0.03   0.9   NNE   -8.8   -8.9   -8.9  1031.9  0.00   0.0   0.019   0.000   22.6    38    7.6   21.7   7.44 1.2038     22    4    100.0    1 
19.01.25   0:16   -8.8   -8.8   -8.8    90  -10.2   0.4   NNE   0.03   0.4   NNE   -8.8   -8.9   -8.9  1031.9  0.00   0.0   0.019   0.000   22.6    38    7.6   21.7   7.44 1.2038     22    4    100.0    1 
19.01.25   0:17   -8.8   -8.8   -8.8    90  -10.2   0.4   NNE   0.03   0.9   NNE   -8.8   -8.9   -8.9  1031.9  0.00   0.0   0.019   0.000   22.6    38    7.6   21.7   7.44 1.2038     22    4    100.0    1 
19.01.25   0:18   -8.8   -8.8   -8.8    91  -10.0   0.0   NNE   0.00   0.4   NNE   -8.8   -8.8   -8.8  1031.9  0.00   0.0   0.019   0.000   22.6    38    7.6   21.7   7.44 1.2038     21    4    100.0    1 
19.01.25   0:19   -8.8   -8.8   -8.8    91  -10.0   0.4   NNE   0.03   0.9   NNE   -8.8   -8.8   -8.8  1032.0  0.00   0.0   0.019   0.000   22.6    38    7.6   21.7   7.44 1.2039     21    4    100.0    1 
19.01.25   0:20   -8.8   -8.8   -8.8    91  -10.0   0.4     N   0.03   0.9   NNE   -8.8   -8.8   -8.8  1031.9  0.00   0.0   0.019   0.000   22.6    38    7.6   21.7   7.44 1.2038     22    4    100.0    1 
19.01.25   0:21   -8.7   -8.7   -8.8    91   -9.9   0.4     N   0.03   0.9     N   -8.7   -8.8   -8.8  1031.9  0.00   0.0   0.019   0.000   22.6    38    7.6   21.7   7.44 1.2038     22    4    100.0    1 
19.01.25   0:22   -8.7   -8.7   -8.8    91   -9.9   0.0     N   0.00   0.4     N   -8.7   -8.8   -8.8  1031.9  0.00   0.0   0.019   0.000   22.6    38    7.6   21.7   7.44 1.2038     22    4    100.0    1 
19.01.25   0:23   -8.7   -8.7   -8.8    91   -9.9   0.4     N   0.03   0.9     N   -8.7   -8.8   -8.8  1031.9  0.00   0.0   0.019   0.000   22.6    38    7.6   21.7   7.44 1.2038     21    4    100.0    1 
19.01.25   0:24   -8.7   -8.7   -8.7    91   -9.9   0.9   NNE   0.05   0.9     N  -10.2   -8.8  -10.2  1032.0  0.00   0.0   0.019   0.000   22.6    38    7.6   21.7   7.44 1.2039     21    4    100.0    1 
19.01.25   0:25   -8.7   -8.7   -8.7    91   -9.9   0.0   NNE   0.00   0.4   NNE   -8.7   -8.7   -8.7  1032.0  0.00   0.0   0.019   0.000   22.6    38    7.6   21.7   7.44 1.2039     22    4    100.0    1 
19.01.25   0:26   -8.7   -8.7   -8.7    91   -9.9   0.9   NNE   0.05   1.3   NNE  -10.1   -8.7  -10.2  1032.0  0.00   0.0   0.019   0.000   22.6    38    7.6   21.7   7.44 1.2039     22    4    100.0    1 
19.01.25   0:27   -8.7   -8.7   -8.7    91   -9.9   0.9   NNE   0.05   1.3   NNE  -10.2   -8.8  -10.2  1032.0  0.00   0.0   0.019   0.000   22.6    38    7.6   21.7   7.44 1.2039     22    4    100.0    1 
19.01.25   0:28   -8.7   -8.7   -8.7    90  -10.1   0.9     N   0.05   1.3     N  -10.2   -8.8  -10.2  1032.0  0.00   0.0   0.019   0.000   22.6    38    7.6   21.7   7.44 1.2040     22    4    100.0    1 
19.01.25   0:29   -8.7   -8.7   -8.7    90  -10.1   0.9     N   0.05   0.9     N  -10.2   -8.8  -10.2  1032.1  0.00   0.0   0.019   0.000   22.6    38    7.6   21.7   7.44 1.2040     22    4    100.0    1 
19.01.25   0:30   -8.7   -8.7   -8.8    90  -10.1   0.9   NNE   0.05   1.3   NNE  -10.2   -8.8  -10.2  1032.1  0.00   0.0   0.019   0.000   22.6    38    7.6   21.7   7.44 1.2040     21    4    100.0    1 
19.01.25   0:31   -8.8   -8.7   -8.8    90  -10.1   0.9   NNE   0.05   1.3   NNE  -10.2   -8.8  -10.3  1032.0  0.00   0.0   0.019   0.000   22.6    38    7.6   21.7   7.44 1.2040     22    4    100.0    1 
19.01.25   0:32   -8.8   -8.8   -8.8    90  -10.1   0.9   NNE   0.05   1.3   NNE  -10.2   -8.8  -10.3  1032.0  0.00   0.0   0.019   0.000   22.6    38    7.6   21.7   7.44 1.2039     22    4    100.0    1 
19.01.25   0:33   -8.8   -8.8   -8.8    89  -10.3   0.4   NNE   0.03   0.4   NNE   -8.8   -8.8   -8.8  1032.0  0.00   0.0   0.019   0.000   22.6    38    7.6   21.7   7.44 1.2040     22    4    100.0    1 
19.01.25   0:34   -8.8   -8.8   -8.8    89  -10.3   0.4   NNE   0.03   0.4   NNE   -8.8   -8.9   -8.9  1032.0  0.00   0.0   0.019   0.000   22.6    38    7.6   21.7   7.44 1.2039     22    4    100.0    1 
19.01.25   0:35   -8.9   -8.8   -8.9    89  -10.4   0.0   NNE   0.00   0.4   NNE   -8.9   -8.9   -8.9  1032.0  0.00   0.0   0.019   0.000   22.6    38    7.6   21.7   7.44 1.2039     21    4    100.0    1 
19.01.25   0:36   -8.9   -8.8   -8.9    89  -10.4   0.9   NNE   0.05   1.8   NNE  -10.3   -8.9  -10.4  1031.9  0.00   0.0   0.019   0.000   22.6    38    7.6   21.7   7.44 1.2038     22    4    100.0    1 
19.01.25   0:37   -8.9   -8.9   -8.9    89  -10.4   0.4   NNE   0.03   1.3   NNE   -8.9   -8.9   -8.9  1032.0  0.00   0.0   0.019   0.000   22.6    38    7.6   21.7   7.44 1.2039     22    4    100.0    1 
19.01.25   0:38   -8.9   -8.9   -8.9    89  -10.4   0.9   NNE   0.05   1.8     N  -10.3   -8.9  -10.4  1031.9  0.00   0.0   0.019   0.000   22.6    38    7.6   21.7   7.44 1.2038     22    4    100.0    1 
19.01.25   0:39   -8.9   -8.9   -8.9    90  -10.2   0.4   NNE   0.03   0.9   NNE   -8.9   -8.9   -8.9  1031.8  0.00   0.0   0.019   0.000   22.6    38    7.6   21.7   7.44 1.2037     22    4    100.0    1 
19.01.25   0:40   -8.9   -8.9   -8.9    90  -10.2   0.4   NNE   0.03   0.9   NNE   -8.9   -8.9   -8.9  1031.9  0.00   0.0   0.019   0.000   22.6    38    7.6   21.7   7.44 1.2038     22    4    100.0    1 
19.01.25   0:41   -8.9   -8.9   -8.9    90  -10.2   0.4   NNE   0.03   1.3   NNE   -8.9   -8.9   -8.9  1031.8  0.00   0.0   0.019   0.000   22.6    38    7.6   21.7   7.44 1.2037     21    4    100.0    1 
19.01.25   0:42   -8.9   -8.8   -8.9    91  -10.1   0.4   NNE   0.03   0.4   NNE   -8.9   -8.9   -8.9  1031.9  0.00   0.0   0.019   0.000   22.6    38    7.6   21.7   7.44 1.2038     22    4    100.0    1 
19.01.25   0:43   -8.9   -8.9   -8.9    91  -10.1   0.4   NNE   0.03   0.9   NNE   -8.9   -8.9   -8.9  1031.8  0.00   0.0   0.019   0.000   22.6    38    7.6   21.7   7.44 1.2037     22    4    100.0    1 
19.01.25   0:44   -8.8   -8.8   -8.9    91  -10.0   0.4   NNE   0.03   0.9   NNE   -8.8   -8.9   -8.9  1031.8  0.00   0.0   0.019   0.000   22.6    38    7.6   21.7   7.44 1.2037     22    4    100.0    1 
19.01.25   0:45   -8.8   -8.8   -8.8    91  -10.0   0.4   NNE   0.03   0.9   NNE   -8.8   -8.9   -8.9  1031.8  0.00   0.0   0.019   0.000   22.6    38    7.6   21.7   7.44 1.2037     22    4    100.0    1 
19.01.25   0:46   -8.8   -8.8   -8.8    91  -10.0   0.4   NNE   0.03   0.9   NNE   -8.8   -8.9   -8.9  1031.8  0.00   0.0   0.019   0.000   22.6    38    7.6   21.7   7.44 1.2037     21    4    100.0    1 
19.01.25   0:47   -8.8   -8.8   -8.8    91  -10.0   0.4   NNE   0.03   0.9   NNE   -8.8   -8.9   -8.9  1031.8  0.00   0.0   0.019   0.000   22.6    38    7.6   21.7   7.44 1.2037     22    4    100.0    1 
19.01.25   0:48   -8.8   -8.8   -8.8    91  -10.0   0.0   NNE   0.00   0.4   NNE   -8.8   -8.8   -8.8  1031.8  0.00   0.0   0.019   0.000   22.6    38    7.6   21.7   7.44 1.2037     21    4    100.0    1 
19.01.25   0:49   -8.8   -8.8   -8.8    91  -10.0   0.4   NNE   0.03   0.9   NNE   -8.8   -8.8   -8.8  1031.8  0.00   0.0   0.019   0.000   22.6    38    7.6   21.7   7.44 1.2037     22    4    100.0    1 
19.01.25   0:50   -8.8   -8.8   -8.8    91  -10.0   0.9     N   0.05   0.9   NNE  -10.2   -8.8  -10.3  1031.8  0.00   0.0   0.019   0.000   22.6    38    7.6   21.7   7.44 1.2037     22    4    100.0    1 
19.01.25   0:51   -8.7   -8.7   -8.8    92   -9.8   1.3     N   0.08   1.3     N  -11.3   -8.8  -11.4  1031.8  0.00   0.0   0.019   0.000   22.6    38    7.6   21.7   7.44 1.2037     22    4    100.0    1 
19.01.25   0:52   -8.7   -8.7   -8.7    92   -9.8   0.9   NNE   0.05   1.3   NNE  -10.2   -8.8  -10.2  1031.8  0.00   0.0   0.019   0.000   22.6    38    7.6   21.7   7.44 1.2037     21    4    100.0    1 
19.01.25   0:53   -8.7   -8.7   -8.7    92   -9.7   0.4   NNE   0.03   0.9   NNE   -8.7   -8.7   -8.7  1031.8  0.00   0.0   0.019   0.000   22.6    38    7.6   21.7   7.44 1.2037     22    4    100.0    1 
19.01.25   0:54   -8.7   -8.7   -8.7    92   -9.7   0.9     N   0.05   0.9     N  -10.1   -8.7  -10.2  1031.8  0.00   0.0   0.019   0.000   22.6    38    7.6   21.7   7.44 1.2037     21    4    100.0    1 
19.01.25   0:55   -8.7   -8.7   -8.7    91   -9.9   0.9     N   0.05   0.9     N  -10.1   -8.7  -10.2  1031.7  0.00   0.0   0.019   0.000   22.6    38    7.6   21.7   7.44 1.2036     22    4    100.0    1 
19.01.25   0:56   -8.6   -8.6   -8.7    91   -9.8   0.9   NNE   0.05   1.3   NNE  -10.1   -8.7  -10.1  1031.7  0.00   0.0   0.019   0.000   22.6    38    7.6   21.7   7.44 1.2036     22    4    100.0    1 
19.01.25   0:57   -8.7   -8.7   -8.7    91   -9.9   0.9   NNE   0.05   1.3   NNE  -10.2   -8.8  -10.2  1031.7  0.00   0.0   0.019   0.000   22.6    38    7.6   21.7   7.44 1.2036     21    4    100.0    1 
19.01.25   0:58   -8.7   -8.7   -8.7    90  -10.1   1.3   NNE   0.08   1.3     N  -11.3   -8.8  -11.4  1031.7  0.00   0.0   0.019   0.000   22.6    38    7.6   21.7   7.44 1.2036     22    4    100.0    1 
19.01.25   0:59   -8.7   -8.7   -8.7    90  -10.1   1.3   NNE   0.08   1.8   NNE  -11.3   -8.8  -11.4  1031.6  0.00   0.0   0.019   0.000   22.6    38    7.6   21.7   7.44 1.2035     22    4    100.0    1 
20.01.25  16:00    5.5    5.6    5.5    67   -0.1   0.4     N   0.03   0.9     N    5.5    5.1    5.1  1022.0  0.00   0.0   0.009   0.000   22.4    39    7.8   21.4   7.60 1.1926     21    4    100.0    1 
20.01.25  16:01    5.4    5.4    5.4    67   -0.3   0.0     N   0.00   0.4     N    5.4    5.0    5.0  1021.9  0.00   0.0   0.009   0.000   22.4    39    7.8   21.4   7.60 1.1926     22    4    100.0    1 
20.01.25  16:02    5.3    5.4    5.3    68   -0.1   0.0     N   0.00   0.4     N    5.3    5.0    5.0  1021.9  0.00   0.0   0.009   0.000   22.4    39    7.8   21.4   7.60 1.1926     22    4    100.0    1 
20.01.25  16:03    5.2    5.3    5.2    69   -0.0   0.0     N   0.00   0.4     N    5.2    4.9    4.9  1022.0  0.00   0.0   0.009   0.000   22.4    38    7.4   21.4   7.45 1.1929     21    4    100.0    1 
20.01.25  16:04    5.1    5.2    5.1    69   -0.1   0.0     N   0.00   0.4     N    5.1    4.8    4.8  1022.0  0.00   0.0   0.009   0.000   22.4    38    7.4   21.4   7.45 1.1930     22    4    100.0    1 
20.01.25  16:05    5.0    5.1    5.0    70   -0.0   0.0   ---   0.00   0.0   ---    5.0    4.7    4.7  1022.0  0.00   0.0   0.009   0.000   22.4    38    7.4   21.4   7.45 1.1929     21    4    100.0    1 
20.01.25  16:06    4.9    5.0    4.9    70   -0.1   0.0   ---   0.00   0.0   ---    4.9    4.6    4.6  1022.0  0.00   0.0   0.009   0.000   22.4    38    7.4   21.4   7.45 1.1930     22    4    100.0    1 
20.01.25  16:07    4.8    4.9    4.8    69   -0.4   0.0   ---   0.00   0.0   ---    4.8    4.5    4.5  1022.0  0.00   0.0   0.009   0.000   22.4    38    7.4   21.4   7.45 1.1930     22    4    100.0    1 
20.01.25  16:08    4.7    4.8    4.7    70   -0.3   0.0   ---   0.00   0.0   ---    4.7    4.4    4.4  1022.0  0.00   0.0   0.009   0.000   22.4    38    7.4   21.4   7.45 1.1930     22    4    100.0    1 
20.01.25  16:09    4.7    4.7    4.7    70   -0.3   0.0   ---   0.00   0.0   ---    4.7    4.3    4.3  1022.0  0.00   0.0   0.009   0.000   22.4    38    7.4   21.4   7.45 1.1930     22    4    100.0    1 
20.01.25  16:10    4.6    4.6    4.6    71   -0.3   0.0     N   0.00   0.4     N    4.6    4.2    4.2  1022.0  0.00   0.0   0.010   0.000   22.4    38    7.4   21.4   7.45 1.1930     22    4    100.0    1 
20.01.25  16:11    4.5    4.6    4.5    71   -0.3   0.4     N   0.03   0.4     N    4.5    4.2    4.2  1022.0  0.00   0.0   0.010   0.000   22.4    38    7.4   21.4   7.45 1.1929     21    4    100.0    1 
20.01.25  16:12    4.4    4.5    4.4    72   -0.2   0.4     N   0.03   0.9     N    4.4    4.1    4.1  1022.0  0.00   0.0   0.010   0.000   22.4    38    7.4   21.4   7.45 1.1929     22    4    100.0    1 
20.01.25  16:13    4.3    4.4    4.3    72   -0.3   0.9     N   0.05   0.9     N    4.1    4.0    3.8  1022.0  0.00   0.0   0.010   0.000   22.4    38    7.4   21.4   7.45 1.1930     22    4    100.0    1 
20.01.25  16:14    4.2    4.3    4.2    72   -0.4   0.4     N   0.03   0.9     N    4.2    3.9    3.9  1022.0  0.00   0.0   0.010   0.000   22.4    38    7.4   21.4   7.45 1.1929     22    4    100.0    1 
20.01.25  16:15    4.1    4.2    4.1    73   -0.3   0.9     N   0.05   1.3     N    3.9    3.8    3.7  1022.0  0.00   0.0   0.010   0.000   22.4    38    7.4   21.4   7.45 1.1930     22    4    100.0    1 
20.01.25  16:16    4.0    4.1    4.0    73   -0.4   0.9     N   0.05   1.3     N    3.8    3.7    3.6  1022.0  0.00   0.0   0.010   0.000   22.4    38    7.4   21.4   7.45 1.1930     21    4    100.0    1 
20.01.25  16:17    3.9    4.0    3.9    73   -0.5   1.3     N   0.08   1.8     N    2.9    3.7    2.7  1022.0  0.00   0.0   0.010   0.000   22.4    38    7.4   21.4   7.45 1.1930     21    4    100.0    1 
20.01.25  16:18    3.8    3.9    3.8    73   -0.6   1.3     N   0.08   1.3     N    2.8    3.6    2.6  1022.0  0.00   0.0   0.010   0.000   22.4    38    7.4   21.4   7.45 1.1930     21    4    100.0    1 
20.01.25  16:19    3.8    3.8    3.8    73   -0.6   1.3     N   0.08   1.8     N    2.8    3.5    2.5  1022.0  0.00   0.0   0.010   0.000   22.4    38    7.4   21.4   7.45 1.1930     22    4    100.0    1 
20.01.25  16:20    3.7    3.8    3.7    73   -0.7   0.9     N   0.05   1.3     N    3.5    3.4    3.2  1022.0  0.00   0.0   0.010   0.000   22.4    38    7.4   21.4   7.45 1.1929     22    4    100.0    1 
20.01.25  16:21    3.7    3.7    3.7    74   -0.5   0.9     N   0.05   1.3     N    3.4    3.4    3.2  1022.0  0.00   0.0   0.010   0.000   22.4    38    7.4   21.4   7.45 1.1930     22    4    100.0    1 
20.01.25  16:22    3.6    3.7    3.6    74   -0.6   0.9     N   0.05   1.3     N    3.4    3.4    3.2  1022.0  0.00   0.0   0.010   0.000   22.3    38    7.3   21.2   7.46 1.1935     21    4    100.0    1 
20.01.25  16:23    3.6    3.6    3.6    74   -0.6   0.4     N   0.03   0.9     N    3.6    3.3    3.3  1022.0  0.00   0.0   0.010   0.000   22.3    38    7.3   21.2   7.46 1.1935     21    4    100.0    1 
20.01.25  16:24    3.5    3.5    3.5    75   -0.5   0.4     N   0.03   0.9     N    3.5    3.3    3.3  1022.0  0.00   0.0   0.010   0.000   22.3    38    7.3   21.2   7.46 1.1935     21    4    100.0    1 
20.01.25  16:25    3.4    3.4    3.4    74   -0.8   0.9     N   0.05   1.3     N    3.2    3.2    3.0  1022.0  0.00   0.0   0.010   0.000   22.3    38    7.3   21.2   7.46 1.1935     22    4    100.0    1 
20.01.25  16:26    3.3    3.4    3.3    74   -0.9   0.4     N   0.03   0.9     N    3.3    3.1    3.1  1022.1  0.00   0.0   0.010   0.000   22.3    38    7.3   21.2   7.46 1.1936     21    4    100.0    1 
20.01.25  16:27    3.3    3.3    3.3    75   -0.7   0.9     N   0.05   1.3     N    3.1    3.1    2.8  1022.1  0.00   0.0   0.010   0.000   22.3    38    7.3   21.2   7.46 1.1936     21    4    100.0    1 
