                  Temp     Hi    Low   Out    Dew  Wind  Wind   Wind    Hi    Hi   Wind   Heat    THW                Rain    Heat    Cool    In     In    In     In     In   In Air  Wind  Wind    ISS   Arc.
  Date    Time     Out   Temp   Temp   Hum    Pt. Speed   Dir    Run Speed   Dir  Chill  Index  Index   Bar    Rain  Rate    D-D     D-D    Temp   Hum    Dew   Heat    EMC Density  Samp   Tx   Recept  Int.
---------------------------------------------------------------------------------------------------------------------------------------------------------------------------------------------------------------
13.01.25  12:00   -3.7   -3.7   -3.7    80   -6.6   2.7     N   0.16   3.6     N   -7.6   -3.8   -7.7  1043.5  0.00   0.0   0.015   0.000   21.9    40    7.7   20.7   7.72 1.2200     22    4    100.0    1 
13.01.25  12:01   -3.7   -3.7   -3.7    79   -6.8   2.2     N   0.13   4.0     N   -7.1   -3.8   -7.2  1043.5  0.00   0.0   0.015   0.000   21.9    40    7.7   20.7   7.72 1.2200     22    4    100.0    1 
13.01.25  12:02   -3.7   -3.7   -3.7    79   -6.8   1.3     N   0.08   1.8     N   -5.6   -3.8   -5.8  1043.5  0.00   0.0   0.015   0.000   21.9    40    7.7   20.7   7.72 1.2201     22    4    100.0    1 
13.01.25  12:03   -3.6   -3.6   -3.7    79   -6.7   0.9     N   0.05   1.3     N   -4.6   -3.8   -4.7  1043.5  0.00   0.0   0.015   0.000   21.9    40    7.7   20.7   7.72 1.2200     22    4    100.0    1 
13.01.25  12:04   -3.7   -3.7   -3.7    79   -6.8   1.3     N   0.08   1.8     N   -5.6   -3.8   -5.8  1043.5  0.00   0.0   0.015   0.000   21.9    40    7.7   20.7   7.72 1.2200     21    4    100.0    1 
13.01.25  12:05   -3.6   -3.6   -3.7    79   -6.7   1.3     N   0.08   1.8     N   -5.6   -3.8   -5.7  1043.5  0.00   0.0   0.015   0.000   21.9    40    7.7   20.7   7.72 1.2200     22    4    100.0    1 
13.01.25  12:06   -3.6   -3.6   -3.7    79   -6.7   1.3     N   0.08   1.8     N   -5.6   -3.8   -5.7  1043.4  0.00   0.0   0.015   0.000   22.1    40    7.8   20.9   7.72 1.2194     22    4    100.0    1 
13.01.25  12:07   -3.6   -3.6   -3.6    79   -6.7   1.3     N   0.08   2.2     N   -5.6   -3.8   -5.7  1043.3  0.00   0.0   0.015   0.000   21.9    41    8.1   20.8   7.89 1.2196     22    4    100.0    1 
13.01.25  12:08   -3.6   -3.6   -3.6    79   -6.7   0.9     N   0.05   1.3     N   -4.6   -3.8   -4.7  1043.3  0.00   0.0   0.015   0.000   21.9    41    8.1   20.8   7.89 1.2195     22    4    100.0    1 
13.01.25  12:09   -3.6   -3.6   -3.6    80   -6.6   0.4     N   0.03   0.4     N   -3.6   -3.8   -3.8  1043.3  0.00   0.0   0.015   0.000   22.1    41    8.2   20.9   7.88 1.2190     21    4    100.0    1 
13.01.25  12:10   -3.6   -3.6   -3.6    79   -6.7   0.9     N   0.05   1.3     N   -4.6   -3.8   -4.7  1043.3  0.00   0.0   0.015   0.000   22.1    41    8.2   20.9   7.88 1.2191     22    4    100.0    1 
13.01.25  12:11   -3.6   -3.6   -3.6    79   -6.7   0.9     N   0.05   1.3     N   -4.5   -3.7   -4.7  1043.4  0.00   0.0   0.015   0.000   22.1    40    7.8   20.9   7.72 1.2194     22    4    100.0    1 
13.01.25  12:12   -3.6   -3.6   -3.6    79   -6.7   1.3     N   0.08   2.2     N   -5.5   -3.7   -5.7  1043.4  0.00   0.0   0.015   0.000   22.1    40    7.8   20.9   7.72 1.2195     22    4    100.0    1 
13.01.25  12:13   -3.6   -3.6   -3.6    79   -6.7   1.3     N   0.08   2.2     N   -5.5   -3.7   -5.7  1043.5  0.00   0.0   0.015   0.000   22.1    40    7.8   20.9   7.72 1.2195     22    4    100.0    1 
13.01.25  12:14   -3.5   -3.5   -3.6    79   -6.6   1.3     N   0.08   2.2     N   -5.4   -3.7   -5.6  1043.4  0.00   0.0   0.015   0.000   22.1    40    7.8   20.9   7.72 1.2195     22    4    100.0    1 
13.01.25  12:15   -3.6   -3.5   -3.6    79   -6.7   1.3     N   0.08   2.2     N   -5.5   -3.7   -5.7  1043.5  0.00   0.0   0.015   0.000   22.1    40    7.8   20.9   7.72 1.2195     21    4    100.0    1 
13.01.25  12:16   -3.5   -3.5   -3.5    78   -6.8   2.2     N   0.13   3.6     N   -6.8   -3.7   -7.0  1043.5  0.00   0.0   0.015   0.000   22.1    40    7.8   20.9   7.72 1.2195     22    4    100.0    1 
13.01.25  12:17   -3.5   -3.5   -3.5    78   -6.8   2.2     N   0.13   3.6     N   -6.8   -3.7   -7.0  1043.5  0.00   0.0   0.015   0.000   22.1    40    7.8   20.9   7.72 1.2195     22    4    100.0    1 
13.01.25  12:18   -3.5   -3.5   -3.6    78   -6.8   2.2     N   0.13   3.1     N   -6.8   -3.7   -7.0  1043.5  0.00   0.0   0.015   0.000   22.1    40    7.8   20.9   7.72 1.2195     22    4    100.0    1 
13.01.25  12:19   -3.5   -3.5   -3.6    78   -6.8   3.1     N   0.19   4.5     N   -7.8   -3.7   -8.0  1043.5  0.00   0.0   0.015   0.000   22.1    40    7.8   20.9   7.72 1.2195     22    4    100.0    1 
13.01.25  12:20   -3.6   -3.6   -3.6    78   -6.8   3.1     N   0.19   4.0     N   -7.9   -3.7   -8.1  1043.5  0.00   0.0   0.015   0.000   22.1    40    7.8   20.9   7.72 1.2195     21    4    100.0    1 
13.01.25  12:21   -3.6   -3.6   -3.6    78   -6.8   2.7     N   0.16   3.6     N   -7.4   -3.7   -7.6  1043.5  0.00   0.0   0.015   0.000   22.1    40    7.8   20.9   7.72 1.2195     22    4    100.0    1 
13.01.25  12:22   -3.6   -3.6   -3.6    78   -6.9   2.2     N   0.13   3.6     N   -7.0   -3.8   -7.2  1043.4  0.00   0.0   0.015   0.000   22.1    40    7.8   20.9   7.72 1.2195     22    4    100.0    1 
13.01.25  12:23   -3.6   -3.6   -3.6    78   -6.9   1.3     N   0.08   3.6     N   -5.6   -3.8   -5.7  1043.4  0.00   0.0   0.015   0.000   22.1    40    7.8   20.9   7.72 1.2194     22    4    100.0    1 
13.01.25  12:24   -3.6   -3.6   -3.6    79   -6.7   1.3     N   0.08   3.6     N   -5.6   -3.8   -5.7  1043.3  0.00   0.0   0.015   0.000   22.1    40    7.8   20.9   7.72 1.2194     22    4    100.0    1 
13.01.25  12:25   -3.6   -3.6   -3.6    79   -6.7   1.8     N   0.11   3.6     N   -6.3   -3.8   -6.5  1043.3  0.00   0.0   0.015   0.000   22.1    40    7.8   20.9   7.72 1.2193     22    4    100.0    1 
13.01.25  12:26   -3.6   -3.6   -3.6    79   -6.7   1.8     N   0.11   3.1     N   -6.3   -3.8   -6.5  1043.3  0.00   0.0   0.015   0.000   22.1    40    7.8   20.9   7.72 1.2194     21    4    100.0    1 
13.01.25  12:27   -3.6   -3.6   -3.6    79   -6.7   1.3     N   0.08   1.8     N   -5.6   -3.8   -5.7  1043.3  0.00   0.0   0.015   0.000   22.1    40    7.8   20.9   7.72 1.2193     22    4    100.0    1 
13.01.25  12:28   -3.6   -3.6   -3.6    79   -6.7   1.3     N   0.08   1.8     N   -5.6   -3.8   -5.7  1043.3  0.00   0.0   0.015   0.000   22.1    40    7.8   20.9   7.72 1.2194     22    4    100.0    1 
13.01.25  12:29   -3.6   -3.6   -3.6    80   -6.6   0.9     N   0.05   1.8     N   -4.6   -3.8   -4.7  1043.3  0.00   0.0   0.015   0.000   22.1    40    7.8   20.9   7.72 1.2194     22    4    100.0    1 
13.01.25  12:30   -3.6   -3.6   -3.6    79   -6.7   1.3     N   0.08   2.2     N   -5.5   -3.7   -5.7  1043.3  0.00   0.0   0.015   0.000   22.1    40    7.8   20.9   7.72 1.2193     22    4    100.0    1 
13.01.25  12:31   -3.6   -3.6   -3.6    79   -6.7   1.3     N   0.08   1.8     N   -5.5   -3.7   -5.7  1043.3  0.00   0.0   0.015   0.000   22.1    40    7.8   20.9   7.72 1.2193     21    4    100.0    1 
13.01.25  12:32   -3.6   -3.6   -3.6    78   -6.9   2.2     N   0.13   4.0     N   -7.0   -3.8   -7.2  1043.3  0.00   0.0   0.015   0.000   22.1    40    7.8   20.9   7.72 1.2194     22    4    100.0    1 
13.01.25  12:33   -3.6   -3.6   -3.6    78   -6.9   2.7     N   0.16   4.0     N   -7.5   -3.8   -7.7  1043.3  0.00   0.0   0.015   0.000   22.1    39    7.5   20.9   7.62 1.2196     22    4    100.0    1 
13.01.25  12:34   -3.6   -3.6   -3.6    79   -6.7   1.3     N   0.08   2.2     N   -5.6   -3.8   -5.7  1043.3  0.00   0.0   0.015   0.000   22.1    39    7.5   20.9   7.62 1.2196     22    4    100.0    1 
13.01.25  12:35   -3.6   -3.6   -3.6    79   -6.7   2.2     N   0.13   4.0     N   -7.0   -3.8   -7.2  1043.3  0.00   0.0   0.015   0.000   22.1    39    7.5   20.9   7.62 1.2196     22    4    100.0    1 
13.01.25  12:36   -3.6   -3.6   -3.6    78   -6.9   2.7     N   0.16   4.0     N   -7.5   -3.8   -7.7  1043.2  0.00   0.0   0.015   0.000   22.1    39    7.5   20.9   7.62 1.2196     22    4    100.0    1 
13.01.25  12:37   -3.6   -3.6   -3.6    79   -6.7   2.2     N   0.13   3.6     N   -7.0   -3.8   -7.2  1043.3  0.00   0.0   0.015   0.000   22.1    40    7.8   20.9   7.72 1.2194     21    4    100.0    1 
13.01.25  12:38   -3.6   -3.6   -3.6    79   -6.7   2.2     N   0.13   3.1     N   -7.0   -3.8   -7.2  1043.3  0.00   0.0   0.015   0.000   22.1    40    7.8   20.9   7.72 1.2193     21    4    100.0    1 
13.01.25  12:39   -3.6   -3.6   -3.6    79   -6.7   2.2     N   0.13   3.1     N   -7.0   -3.8   -7.2  1043.3  0.00   0.0   0.015   0.000   22.1    40    7.8   20.9   7.72 1.2193     22    4    100.0    1 
13.01.25  12:40   -3.6   -3.6   -3.6    79   -6.7   1.3     N   0.08   3.1     N   -5.6   -3.8   -5.7  1043.3  0.00   0.0   0.015   0.000   22.1    39    7.5   20.9   7.62 1.2196     22    4    100.0    1 
13.01.25  12:41   -3.6   -3.6   -3.6    79   -6.7   2.2     N   0.13   3.6     N   -7.0   -3.8   -7.2  1043.3  0.00   0.0   0.015   0.000   22.1    39    7.5   20.9   7.62 1.2196     22    4    100.0    1 
13.01.25  12:42   -3.6   -3.6   -3.6    79   -6.7   1.3     N   0.08   2.2     N   -5.6   -3.8   -5.7  1043.3  0.00   0.0   0.015   0.000   22.1    39    7.5   20.9   7.62 1.2196     21    4    100.0    1 
13.01.25  12:43   -3.6   -3.6   -3.6    78   -6.9   1.8     N   0.11   2.2     N   -6.3   -3.8   -6.5  1043.3  0.00   0.0   0.015   0.000   21.9    39    7.4   20.7   7.62 1.2201     22    4    100.0    1 
13.01.25  12:44   -3.6   -3.6   -3.6    78   -6.9   3.1     N   0.19   4.0     N   -7.9   -3.8   -8.1  1043.3  0.00   0.0   0.015   0.000   21.9    39    7.4   20.7   7.62 1.2202     22    4    100.0    1 
13.01.25  12:45   -3.6   -3.6   -3.6    78   -6.9   2.2     N   0.13   3.6     N   -7.0   -3.8   -7.2  1043.3  0.00   0.0   0.015   0.000   21.9    39    7.4   20.7   7.62 1.2201     22    4    100.0    1 
13.01.25  12:46   -3.6   -3.6   -3.7    78   -6.9   2.2     N   0.13   3.1     N   -7.0   -3.8   -7.2  1043.3  0.00   0.0   0.015   0.000   21.9    39    7.4   20.7   7.62 1.2201     22    4    100.0    1 
13.01.25  12:47   -3.6   -3.6   -3.7    78   -6.9   1.8     N   0.11   3.6     N   -6.3   -3.8   -6.5  1043.2  0.00   0.0   0.015   0.000   21.9    39    7.4   20.7   7.62 1.2201     22    4    100.0    1 
13.01.25  12:48   -3.7   -3.6   -3.7    78   -6.9   1.3     N   0.08   1.8     N   -5.6   -3.8   -5.8  1043.2  0.00   0.0   0.015   0.000   21.9    39    7.4   20.7   7.62 1.2201     21    4    100.0    1 
13.01.25  12:49   -3.6   -3.6   -3.7    78   -6.9   1.3     N   0.08   3.6     N   -5.6   -3.8   -5.7  1043.3  0.00   0.0   0.015   0.000   21.9    39    7.4   20.7   7.62 1.2201     22    4    100.0    1 
13.01.25  12:50   -3.7   -3.6   -3.7    78   -6.9   1.8     N   0.11   4.0     N   -6.4   -3.8   -6.6  1043.3  0.00   0.0   0.015   0.000   21.9    39    7.4   20.7   7.62 1.2201     22    4    100.0    1 
13.01.25  12:51   -3.6   -3.6   -3.7    78   -6.9   2.2     N   0.13   4.0     N   -7.0   -3.8   -7.2  1043.3  0.00   0.0   0.015   0.000   21.9    39    7.4   20.7   7.62 1.2201     22    4    100.0    1 
13.01.25  12:52   -3.6   -3.6   -3.7    78   -6.9   1.8     N   0.11   2.2     N   -6.3   -3.8   -6.5  1043.2  0.00   0.0   0.015   0.000   21.9    39    7.4   20.7   7.62 1.2201     21    4    100.0    1 
13.01.25  12:53   -3.6   -3.6   -3.7    78   -6.9   3.1     N   0.19   4.5     N   -7.9   -3.8   -8.1  1043.2  0.00   0.0   0.015   0.000   21.9    39    7.4   20.7   7.62 1.2201     20    4     95.2    1 
13.01.25  12:54   -3.7   -3.6   -3.7    77   -7.1   1.8     N   0.11   3.1     N   -6.4   -3.8   -6.6  1043.3  0.00   0.0   0.015   0.000   21.9    39    7.4   20.7   7.62 1.2201     22    4    100.0    1 
13.01.25  12:55   -3.7   -3.6   -3.7    77   -7.1   1.3     N   0.08   1.3     N   -5.6   -3.8   -5.8  1043.3  0.00   0.0   0.015   0.000   21.9    39    7.4   20.7   7.62 1.2202     22    4    100.0    1 
13.01.25  12:56   -3.7   -3.6   -3.7    78   -6.9   1.3     N   0.08   1.8     N   -5.6   -3.8   -5.8  1043.3  0.00   0.0   0.015   0.000   21.9    39    7.4   20.7   7.62 1.2202     22    4    100.0    1 
13.01.25  12:57   -3.7   -3.6   -3.7    78   -6.9   2.2     N   0.13   3.1     N   -7.1   -3.8   -7.2  1043.3  0.00   0.0   0.015   0.000   21.9    39    7.4   20.7   7.62 1.2202     22    4    100.0    1 
13.01.25  12:58   -3.7   -3.6   -3.7    78   -6.9   2.2     N   0.13   3.1     N   -7.1   -3.8   -7.2  1043.3  0.00   0.0   0.015   0.000   21.9    39    7.4   20.7   7.62 1.2202     22    4    100.0    1 
13.01.25  12:59   -3.7   -3.6   -3.7    78   -6.9   1.8     N   0.11   2.2     N   -6.4   -3.8   -6.6  1043.3  0.00   0.0   0.015   0.000   21.9    39    7.4   20.7   7.62 1.2202     21    4    100.0    1 
13.01.25  13:00   -3.6   -3.6   -3.7    78   -6.9   1.3     N   0.08   1.3     N   -5.6   -3.8   -5.7  1043.3  0.00   0.0   0.015   0.000   21.9    39    7.4   20.7   7.62 1.2201     22    4    100.0    1 
13.01.25  23:00  -12.6  -12.6  -12.6    86  -14.5   0.4   NNE   0.03   0.4   NNE  -12.6  -12.7  -12.7  1042.3  0.00   0.0   0.021   0.000   21.8    38    6.8   20.4   7.50 1.2201     22    4    100.0    1 
13.01.25  23:01  -12.6  -12.6  -12.7    86  -14.5   0.4   NNE   0.03   0.4   NNE  -12.6  -12.7  -12.7  1042.3  0.00   0.0   0.021   0.000   21.8    37    6.4   20.3   7.33 1.2204     22    4    100.0    1 
13.01.25  23:02  -12.7  -12.6  -12.7    86  -14.5   0.4   NNE   0.03   0.4   NNE  -12.7  -12.7  -12.7  1042.3  0.00   0.0   0.022   0.000   21.8    37    6.4   20.3   7.33 1.2204     22    4    100.0    1 
13.01.25  23:03  -12.7  -12.6  -12.7    86  -14.5   0.4   NNE   0.03   0.9   NNE  -12.7  -12.7  -12.7  1042.3  0.00   0.0   0.022   0.000   21.8    37    6.4   20.3   7.33 1.2204     20    4     95.2    1 
13.01.25  23:04  -12.7  -12.7  -12.7    86  -14.5   0.4   NNE   0.03   0.4   NNE  -12.7  -12.7  -12.7  1042.4  0.00   0.0   0.022   0.000   21.8    37    6.4   20.3   7.33 1.2205     21    4    100.0    1 
13.01.25  23:05  -12.7  -12.7  -12.7    86  -14.5   0.0   NNE   0.00   0.4   NNE  -12.7  -12.7  -12.7  1042.3  0.00   0.0   0.022   0.000   21.8    37    6.4   20.3   7.33 1.2204     22    4    100.0    1 
13.01.25  23:06  -12.7  -12.7  -12.7    86  -14.5   0.0   NNE   0.00   0.4   NNE  -12.7  -12.7  -12.7  1042.4  0.00   0.0   0.022   0.000   21.8    37    6.4   20.3   7.33 1.2205     22    4    100.0    1 
13.01.25  23:07  -12.7  -12.7  -12.7    86  -14.6   0.0   NNE   0.00   0.4   NNE  -12.7  -12.8  -12.8  1042.3  0.00   0.0   0.022   0.000   21.7    37    6.3   20.2   7.33 1.2209     22    4    100.0    1 
13.01.25  23:08  -12.7  -12.7  -12.7    87  -14.4   0.4   NNE   0.03   0.4   NNE  -12.7  -12.8  -12.8  1042.3  0.00   0.0   0.022   0.000   21.7    37    6.3   20.2   7.33 1.2209     22    4    100.0    1 
13.01.25  23:09  -12.7  -12.7  -12.7    87  -14.4   0.0   NNE   0.00   0.4   NNE  -12.7  -12.8  -12.8  1042.3  0.00   0.0   0.022   0.000   21.7    37    6.3   20.2   7.33 1.2210     21    4    100.0    1 
13.01.25  23:10  -12.7  -12.7  -12.7    87  -14.4   0.0   ---   0.00   0.0   ---  -12.7  -12.8  -12.8  1042.3  0.00   0.0   0.022   0.000   21.7    37    6.3   20.2   7.33 1.2210     22    4    100.0    1 
13.01.25  23:11  -12.7  -12.7  -12.7    87  -14.4   0.0   ---   0.00   0.0   ---  -12.7  -12.8  -12.8  1042.4  0.00   0.0   0.022   0.000   21.7    37    6.3   20.2   7.33 1.2210     22    4    100.0    1 
13.01.25  23:12  -12.7  -12.7  -12.7    88  -14.2   0.0   ---   0.00   0.0   ---  -12.7  -12.7  -12.7  1042.3  0.00   0.0   0.022   0.000   21.7    37    6.3   20.2   7.33 1.2210     22    4    100.0    1 
13.01.25  23:13  -12.7  -12.7  -12.7    88  -14.2   0.0   ---   0.00   0.0   ---  -12.7  -12.7  -12.7  1042.3  0.00   0.0   0.022   0.000   21.7    37    6.3   20.2   7.33 1.2209     22    4    100.0    1 
13.01.25  23:14  -12.7  -12.7  -12.7    88  -14.2   0.0   ---   0.00   0.0   ---  -12.7  -12.7  -12.7  1042.3  0.00   0.0   0.022   0.000   21.6    37    6.2   20.1   7.33 1.2215     21    4    100.0    1 
13.01.25  23:15  -12.6  -12.6  -12.7    88  -14.2   0.0   ---   0.00   0.0   ---  -12.6  -12.7  -12.7  1042.3  0.00   0.0   0.021   0.000   21.6    37    6.2   20.1   7.33 1.2214     21    4    100.0    1 
13.01.25  23:16  -12.6  -12.6  -12.7    88  -14.2   0.0   ---   0.00   0.0   ---  -12.6  -12.7  -12.7  1042.3  0.00   0.0   0.021   0.000   21.6    37    6.2   20.1   7.33 1.2215     22    4    100.0    1 
13.01.25  23:17  -12.6  -12.6  -12.6    87  -14.3   0.0   ---   0.00   0.0   ---  -12.6  -12.7  -12.7  1042.3  0.00   0.0   0.021   0.000   21.6    37    6.2   20.1   7.33 1.2215     21    4    100.0    1 
13.01.25  23:18  -12.7  -12.6  -12.7    86  -14.5   0.0   ---   0.00   0.0   ---  -12.7  -12.7  -12.7  1042.3  0.00   0.0   0.022   0.000   21.6    37    6.2   20.1   7.33 1.2215     22    4    100.0    1 
13.01.25  23:19  -12.7  -12.6  -12.7    86  -14.5   0.0   ---   0.00   0.0   ---  -12.7  -12.7  -12.7  1042.4  0.00   0.0   0.022   0.000   21.6    37    6.2   20.1   7.33 1.2216     21    4    100.0    1 
13.01.25  23:20  -12.7  -12.7  -12.7    86  -14.6   0.0   ---   0.00   0.0   ---  -12.7  -12.8  -12.8  1042.3  0.00   0.0   0.022   0.000   21.6    37    6.2   20.1   7.33 1.2215     21    4    100.0    1 
13.01.25  23:21  -12.7  -12.7  -12.7    85  -14.7   0.0   ---   0.00   0.0   ---  -12.7  -12.8  -12.8  1042.3  0.00   0.0   0.022   0.000   21.6    37    6.2   20.1   7.33 1.2215     21    4    100.0    1 
13.01.25  23:22  -12.7  -12.7  -12.8    85  -14.7   0.0   ---   0.00   0.0   ---  -12.7  -12.8  -12.8  1042.2  0.00   0.0   0.022   0.000   21.5    37    6.2   20.0   7.34 1.2217     22    4    100.0    1 
13.01.25  23:23  -12.8  -12.8  -12.8    84  -14.9   0.0   ---   0.00   0.0   ---  -12.8  -12.8  -12.8  1042.2  0.00   0.0   0.022   0.000   21.5    38    6.6   20.0   7.52 1.2213     20    4     95.2    1 
13.01.25  23:24  -12.8  -12.8  -12.8    84  -15.0   0.0   ---   0.00   0.0   ---  -12.8  -12.9  -12.9  1042.2  0.00   0.0   0.022   0.000   21.5    38    6.6   20.0   7.52 1.2214     22    4    100.0    1 
13.01.25  23:25  -12.9  -12.8  -12.9    85  -14.9   0.0   ---   0.00   0.0   ---  -12.9  -12.9  -12.9  1042.2  0.00   0.0   0.022   0.000   21.5    37    6.2   20.0   7.34 1.2217     19    4     90.5    1 
13.01.25  23:26  -12.9  -12.9  -12.9    85  -14.9   0.0   ---   0.00   0.0   ---  -12.9  -12.9  -12.9  1042.3  0.00   0.0   0.022   0.000   21.5    37    6.2   20.0   7.34 1.2217     22    4    100.0    1 
13.01.25  23:27  -12.9  -12.9  -12.9    85  -14.9   0.0   ---   0.00   0.0   ---  -12.9  -12.9  -12.9  1042.3  0.00   0.0   0.022   0.000   21.5    38    6.6   20.0   7.52 1.2214     21    4    100.0    1 
13.01.25  23:28  -12.9  -12.9  -12.9    85  -14.9   0.0   NNE   0.00   0.4   NNE  -12.9  -13.0  -13.0  1042.3  0.00   0.0   0.022   0.000   21.5    38    6.6   20.0   7.52 1.2214     22    4    100.0    1 
13.01.25  23:29  -12.9  -12.9  -12.9    86  -14.7   0.0   NNE   0.00   0.4   NNE  -12.9  -12.9  -12.9  1042.2  0.00   0.0   0.022   0.000   21.5    38    6.6   20.0   7.52 1.2214     21    4    100.0    1 
13.01.25  23:30  -12.9  -12.9  -12.9    86  -14.8   0.4   NNE   0.03   0.9   NNE  -12.9  -13.0  -13.0  1042.2  0.00   0.0   0.022   0.000   21.5    38    6.6   20.0   7.52 1.2214     22    4    100.0    1 
13.01.25  23:31  -12.9  -12.9  -12.9    86  -14.8   0.4   NNE   0.03   0.9   NNE  -12.9  -13.0  -13.0  1042.3  0.00   0.0   0.022   0.000   21.5    38    6.6   20.0   7.52 1.2215     20    4     95.2    1 
13.01.25  23:32  -12.9  -12.9  -12.9    86  -14.7   0.4   NNE   0.03   0.4   NNE  -12.9  -12.9  -12.9  1042.3  0.00   0.0   0.022   0.000   21.5    38    6.6   20.0   7.52 1.2214     22    4    100.0    1 
13.01.25  23:33  -12.9  -12.9  -12.9    86  -14.8   0.0   NNE   0.00   0.4   NNE  -12.9  -13.0  -13.0  1042.3  0.00   0.0   0.022   0.000   21.5    38    6.6   20.0   7.52 1.2214     21    4    100.0    1 
13.01.25  23:34  -12.9  -12.9  -12.9    86  -14.8   0.0   ---   0.00   0.0   ---  -12.9  -13.0  -13.0  1042.4  0.00   0.0   0.022   0.000   21.5    38    6.6   20.0   7.52 1.2215     22    4    100.0    1 
13.01.25  23:35  -12.9  -12.9  -12.9    86  -14.7   0.0   ---   0.00   0.0   ---  -12.9  -12.9  -12.9  1042.3  0.00   0.0   0.022   0.000   21.5    38    6.6   20.0   7.52 1.2215     22    4    100.0    1 
13.01.25  23:36  -12.9  -12.9  -12.9    86  -14.8   0.0   ---   0.00   0.0   ---  -12.9  -13.0  -13.0  1042.4  0.00   0.0   0.022   0.000   21.5    38    6.6   20.0   7.52 1.2215     21    4    100.0    1 
13.01.25  23:37  -12.9  -12.9  -12.9    85  -14.9   0.0   ---   0.00   0.0   ---  -12.9  -13.0  -13.0  1042.3  0.00   0.0   0.022   0.000   21.5    38    6.6   20.0   7.52 1.2215     21    4    100.0    1 
13.01.25  23:38  -12.9  -12.9  -12.9    86  -14.8   0.0   ---   0.00   0.0   ---  -12.9  -13.0  -13.0  1042.3  0.00   0.0   0.022   0.000   21.5    38    6.6   20.0   7.52 1.2215     20    4     95.2    1 
13.01.25  23:39  -12.9  -12.9  -12.9    85  -14.9   0.0   ---   0.00   0.0   ---  -12.9  -13.0  -13.0  1042.3  0.00   0.0   0.022   0.000   21.5    38    6.6   20.0   7.52 1.2215     22    4    100.0    1 
13.01.25  23:40  -12.9  -12.9  -13.0    85  -14.9   0.0   ---   0.00   0.0   ---  -12.9  -13.0  -13.0  1042.3  0.00   0.0   0.022   0.000   21.5    38    6.6   20.0   7.52 1.2215     22    4    100.0    1 
13.01.25  23:41  -13.0  -12.9  -13.0    85  -15.0   0.0   NNE   0.00   0.4   NNE  -13.0  -13.1  -13.1  1042.3  0.00   0.0   0.022   0.000   21.5    38    6.6   20.0   7.52 1.2215     21    4    100.0    1 
13.01.25  23:42  -13.0  -12.9  -13.0    85  -15.0   0.0   ---   0.00   0.0   ---  -13.0  -13.1  -13.1  1042.3  0.00   0.0   0.022   0.000   21.5    38    6.6   20.0   7.52 1.2215     21    4    100.0    1 
13.01.25  23:43  -13.1  -13.0  -13.1    84  -15.2   0.0   ---   0.00   0.0   ---  -13.1  -13.1  -13.1  1042.3  0.00   0.0   0.022   0.000   21.5    38    6.6   20.0   7.52 1.2215     22    4    100.0    1 
13.01.25  23:44  -13.1  -13.1  -13.1    84  -15.2   0.0   ---   0.00   0.0   ---  -13.1  -13.1  -13.1  1042.3  0.00   0.0   0.022   0.000   21.5    38    6.6   20.0   7.52 1.2215     22    4    100.0    1 
13.01.25  23:45  -13.1  -13.1  -13.1    83  -15.4   0.0   ---   0.00   0.0   ---  -13.1  -13.2  -13.2  1042.4  0.00   0.0   0.022   0.000   21.5    38    6.6   20.0   7.52 1.2216     22    4    100.0    1 
13.01.25  23:46  -13.2  -13.2  -13.2    84  -15.3   0.0   ---   0.00   0.0   ---  -13.2  -13.2  -13.2  1042.3  0.00   0.0   0.022   0.000   21.5    38    6.6   20.0   7.52 1.2215     22    4    100.0    1 
13.01.25  23:47  -13.2  -13.2  -13.2    84  -15.4   0.0   ---   0.00   0.0   ---  -13.2  -13.3  -13.3  1042.3  0.00   0.0   0.022   0.000   21.5    38    6.6   20.0   7.52 1.2215     21    4    100.0    1 
13.01.25  23:48  -13.2  -13.2  -13.2    84  -15.4   0.0   ---   0.00   0.0   ---  -13.2  -13.3  -13.3  1042.3  0.00   0.0   0.022   0.000   21.4    38    6.5   19.9   7.53 1.2220     21    4    100.0    1 
13.01.25  23:49  -13.2  -13.2  -13.2    85  -15.2   0.0   NNE   0.00   0.9   NNE  -13.2  -13.3  -13.3  1042.2  0.00   0.0   0.022   0.000   21.4    38    6.5   19.9   7.53 1.2219     22    4    100.0    1 
13.01.25  23:50  -13.3  -13.2  -13.3    85  -15.3   0.4   NNE   0.03   0.9   NNE  -13.3  -13.4  -13.4  1042.3  0.00   0.0   0.022   0.000   21.5    38    6.6   20.0   7.52 1.2214     22    4    100.0    1 
13.01.25  23:51  -13.3  -13.3  -13.3    85  -15.3   0.9   NNE   0.05   1.3   NNE  -15.2  -13.3  -15.2  1042.2  0.00   0.0   0.022   0.000   21.5    38    6.6   20.0   7.52 1.2214     22    4    100.0    1 
13.01.25  23:52  -13.3  -13.3  -13.3    85  -15.3   0.9   NNE   0.05   1.3   NNE  -15.2  -13.3  -15.2  1042.3  0.00   0.0   0.022   0.000   21.4    38    6.5   19.9   7.53 1.2220     22    4    100.0    1 
13.01.25  23:53  -13.3  -13.3  -13.3    85  -15.3   0.9   NNE   0.05   1.3   NNE  -15.2  -13.4  -15.3  1042.3  0.00   0.0   0.022   0.000   21.4    38    6.5   19.9   7.53 1.2220     21    4    100.0    1 
13.01.25  23:54  -13.3  -13.3  -13.3    85  -15.3   0.9   NNE   0.05   1.3   NNE  -15.2  -13.4  -15.3  1042.2  0.00   0.0   0.022   0.000   21.4    38    6.5   19.9   7.53 1.2219     22    4    100.0    1 
13.01.25  23:55  -13.4  -13.3  -13.4    85  -15.4   0.9   NNE   0.05   1.3   NNE  -15.3  -13.4  -15.3  1042.3  0.00   0.0   0.022   0.000   21.4    38    6.5   19.9   7.53 1.2220     22    4    100.0    1 
13.01.25  23:56  -13.4  -13.4  -13.4    85  -15.4   1.3   NNE   0.08   1.3   NNE  -16.6  -13.4  -16.7  1042.3  0.00   0.0   0.022   0.000   21.5    38    6.6   20.0   7.52 1.2214     22    4    100.0    1 
13.01.25  23:57  -13.4  -13.4  -13.4    85  -15.4   0.9   NNE   0.05   1.3   NNE  -15.3  -13.4  -15.3  1042.2  0.00   0.0   0.022   0.000   21.4    38    6.5   19.9   7.53 1.2219     22    4    100.0    1 
13.01.25  23:58  -13.4  -13.4  -13.4    85  -15.4   1.3   NNE   0.08   1.3   NNE  -16.7  -13.5  -16.8  1042.3  0.00   0.0   0.022   0.000   21.4    38    6.5   19.9   7.53 1.2220     21    4    100.0    1 
13.01.25  23:59  -13.4  -13.4  -13.4    85  -15.4   0.9   NNE   0.05   1.3   NNE  -15.3  -13.5  -15.4  1042.2  0.00   0.0   0.022   0.000   21.4    38    6.5   19.9   7.53 1.2219     22    4    100.0    1 
14.01.25  00:00  -13.4  -13.4  -13.4    85  -15.4   0.9   NNE   0.05   1.3   NNE  -15.3  -13.5  -15.4  1042.3  0.00   0.0   0.022   0.000   21.4    38    6.5   19.9   7.53 1.2220     22    4    100.0    1 
14.01.25   0:01  -13.4  -13.4  -13.5    86  -15.3   1.3   NNE   0.08   1.8   NNE  -16.7  -13.5  -16.8  1042.3  0.00   0.0   0.022   0.000   21.4    38    6.5   19.9   7.53 1.2220     22    4    100.0    1 
14.01.25   0:02  -13.4  -13.4  -13.5    86  -15.3   1.3   NNE   0.08   1.8   NNE  -16.7  -13.5  -16.8  1042.3  0.00   0.0   0.022   0.000   21.4    38    6.5   19.9   7.53 1.2220     21    4    100.0    1 
